185.931625 117.978905 1201.200000
185.477829 117.994278 1234.566667
185.120621 117.946617 1267.933333
185.115234 117.948486 1301.300000
185.141235 117.937889 1334.666667
185.645966 117.941803 1368.033333
185.935867 117.960571 1401.400000
185.946075 117.955254 1434.766667
185.524048 117.972481 1468.133333
185.208557 117.914085 1501.500000
185.136459 117.861343 1534.866667
185.356369 117.857437 1568.233333
185.555740 117.954124 1601.600000
185.859924 117.971344 1634.966667
185.847321 117.975548 1668.333333
185.449356 117.959328 1701.700000
185.172134 117.913155 1735.066667
185.222168 117.886215 1768.433333
185.343857 117.908920 1801.800000
185.578857 117.920181 1835.166667
185.768494 117.939430 1868.533333
185.659760 117.952095 1901.900000
185.375534 117.932724 1935.266667
185.214371 117.905632 1968.633333
185.426666 117.814903 2002.000000
185.700241 117.791145 2035.366667
185.833939 117.825424 2068.733333
185.824951 117.831612 2102.100000
185.806473 117.838066 2135.466667
185.684525 117.871155 2168.833333
-127.548950 245.428513 2202.200000
-127.548950 245.428513 2235.566667
-127.548950 245.428513 2268.933333
-127.548950 245.428513 2302.300000
-127.548950 245.428513 2335.666667
-127.548950 245.428513 2369.033333
-127.548950 245.428513 2402.400000
-127.548950 245.428513 2435.766667
-127.548950 245.428513 2469.133333
-127.548950 245.428513 2502.500000
-127.548950 245.428513 2535.866667
-127.548950 245.428513 2569.233333
-127.548950 245.428513 2602.600000
-127.548950 245.428513 2635.966667
-127.548950 245.428513 2669.333333
-127.548950 245.428513 2702.700000
-127.548950 245.428513 2736.066667
-127.548950 245.428513 2769.433333
-127.548950 245.428513 2802.800000
-127.548950 245.428513 2836.166667
-127.540771 245.540009 2869.533333
-127.541199 245.540466 2902.900000
-127.619171 245.352341 2936.266667
-127.617065 245.393738 2969.633333
-127.634918 244.985596 3003.000000
-127.635406 244.978806 3036.366667
-127.641846 244.994171 3069.733333
-127.618866 244.982178 3103.100000
-127.618256 244.988113 3136.466667
-127.625763 245.000214 3169.833333
-127.637848 244.957520 3203.200000
-127.637543 244.955170 3236.566667
-127.782440 245.116653 3269.933333
-127.753143 245.128159 3303.300000
-127.698578 245.222046 3336.666667
-127.707550 245.206650 3370.033333
-127.707520 245.206421 3403.400000
-127.797791 245.100204 3436.766667
-127.821869 244.969269 3470.133333
-127.821869 244.970032 3503.500000
-134.021088 195.072266 3536.866667
-133.968414 194.952972 3570.233333
-133.774750 195.149994 3603.600000
-133.772064 195.149185 3636.966667
-133.781097 195.157043 3670.333333
-134.061981 195.120773 3703.700000
-134.192108 195.070465 3737.066667
-134.184082 195.059784 3770.433333
-134.093231 194.961914 3803.800000
-134.063629 194.979156 3837.166667
-133.878571 195.040039 3870.533333
-133.989471 195.000595 3903.900000
-134.071655 195.087982 3937.266667
-134.169312 195.019745 3970.633333
-134.137085 194.552490 4004.000000
-134.137085 194.552338 4037.366667
945.824524 424.339600 4070.733333
945.824524 424.339600 4104.100000
945.824524 424.339600 4137.466667
945.824524 424.339600 4170.833333
945.824524 424.339600 4204.200000
945.824524 424.339600 4237.566667
945.824524 424.339600 4270.933333
945.824524 424.339600 4304.300000
945.824524 424.339600 4337.666667
945.824524 424.339600 4371.033333
945.824524 424.339600 4404.400000
945.824524 424.339600 4437.766667
945.824524 424.339600 4471.133333
945.824524 424.339600 4504.500000
945.824524 424.339600 4537.866667
945.824524 424.339600 4571.233333
945.824524 424.339600 4604.600000
945.824524 424.339600 4637.966667
945.824524 424.339600 4671.333333
945.824524 424.339600 4704.700000
945.824524 424.339600 4738.066667
945.824524 424.339600 4771.433333
945.824524 424.339600 4804.800000
945.824524 424.339600 4838.166667
945.824524 424.339600 4871.533333
945.824524 424.339600 4904.900000
945.824524 424.339600 4938.266667
945.824524 424.339600 4971.633333
945.824524 424.339600 5005.000000
945.824524 424.339600 5038.366667
945.824524 424.339600 5071.733333
945.824524 424.339600 5105.100000
945.824524 424.339600 5138.466667
945.824524 424.339600 5171.833333
945.824524 424.339600 5205.200000
945.824524 424.339600 5238.566667
945.824524 424.339600 5271.933333
945.824524 424.339600 5305.300000
945.824524 424.339600 5338.666667
945.824524 424.339600 5372.033333
945.824524 424.339600 5405.400000
945.824524 424.339600 5438.766667
945.824524 424.339600 5472.133333
945.824524 424.339600 5505.500000
945.824524 424.339600 5538.866667
945.824524 424.339600 5572.233333
945.824524 424.339600 5605.600000
945.824524 424.339600 5638.966667
945.824524 424.339600 5672.333333
945.824524 424.339600 5705.700000
945.824524 424.339600 5739.066667
945.824524 424.339600 5772.433333
945.824524 424.339600 5805.800000
945.824524 424.339600 5839.166667
945.824524 424.339600 5872.533333
945.824524 424.339600 5905.900000
945.824524 424.339600 5939.266667
945.824524 424.339600 5972.633333
945.824524 424.339600 6006.000000
945.824524 424.339600 6039.366667
945.824524 424.339600 6072.733333
945.824524 424.339600 6106.100000
945.824524 424.339600 6139.466667
945.824524 424.339600 6172.833333
945.824524 424.339600 6206.200000
945.824524 424.339600 6239.566667
945.824524 424.339600 6272.933333
945.824524 424.339600 6306.300000
945.824524 424.339600 6339.666667
945.824524 424.339600 6373.033333
945.824524 424.339600 6406.400000
945.824524 424.339600 6439.766667
945.824524 424.339600 6473.133333
945.824524 424.339600 6506.500000
945.824524 424.339600 6539.866667
945.824524 424.339600 6573.233333
945.824524 424.339600 6606.600000
945.824524 424.339600 6639.966667
945.824524 424.339600 6673.333333
945.824524 424.339600 6706.700000
945.824524 424.339600 6740.066667
945.824524 424.339600 6773.433333
945.824524 424.339600 6806.800000
945.824524 424.339600 6840.166667
945.824524 424.339600 6873.533333
945.824524 424.339600 6906.900000
945.824524 424.339600 6940.266667
945.824524 424.339600 6973.633333
945.824524 424.339600 7007.000000
945.824524 424.339600 7040.366667
945.824524 424.339600 7073.733333
945.824524 424.339600 7107.100000
945.824524 424.339600 7140.466667
945.824524 424.339600 7173.833333
945.824524 424.339600 7207.200000
945.824524 424.339600 7240.566667
945.824524 424.339600 7273.933333
945.824524 424.339600 7307.300000
945.824524 424.339600 7340.666667
945.824524 424.339600 7374.033333
945.824524 424.339600 7407.400000
945.824524 424.339600 7440.766667
945.824524 424.339600 7474.133333
945.824524 424.339600 7507.500000
945.824524 424.339600 7540.866667
945.824524 424.339600 7574.233333
945.824524 424.339600 7607.600000
945.824524 424.339600 7640.966667
945.824524 424.339600 7674.333333
945.824524 424.339600 7707.700000
945.824524 424.339600 7741.066667
945.824524 424.339600 0.000000
945.824524 424.339600 0.000000
945.824524 424.339600 0.000000
945.824524 424.339600 0.000000
