0.000000 1.458032 1.231305 0.780862
0.065611 1.458032 1.231305 0.780862
0.131222 0.145936 0.043557 0.139284
0.196833 0.145936 0.043557 0.139284
0.262443 0.345695 0.244823 0.244064
0.328054 0.345695 0.244823 0.244064
0.393665 0.234514 0.141369 0.187114
0.459276 0.234514 0.141369 0.187114
0.524887 0.054014 0.028807 0.045690
0.590498 0.054014 0.028807 0.045690
0.656109 0.081114 0.030850 0.075019
0.721719 0.081114 0.030850 0.075019
0.787330 0.198546 0.167267 0.106969
0.852941 0.198546 0.167267 0.106969
0.918552 0.108917 0.037580 0.102228
0.984163 0.108917 0.037580 0.102228
1.049774 0.119195 0.117688 0.018892
1.115385 0.119195 0.117688 0.018892
1.180995 0.109300 0.102187 0.038785
1.246606 0.109300 0.102187 0.038785
1.312217 0.072064 0.030957 0.065076
1.377828 0.072064 0.030957 0.065076
1.443439 0.026565 0.003532 0.026329
1.509050 0.026565 0.003532 0.026329
1.574661 0.052830 0.052257 0.007764
1.640272 0.052830 0.052257 0.007764
1.705882 0.022283 0.022264 0.000933
1.771493 0.022283 0.022264 0.000933
1.837104 0.073805 0.071740 0.017337
1.902715 0.073805 0.071740 0.017337
1.968326 0.022074 0.019966 0.009412
2.033937 0.022074 0.019966 0.009412
2.099548 0.039382 0.039332 0.001988
2.165158 0.039382 0.039332 0.001988
2.230769 0.024699 0.015261 0.019420
2.296380 0.024699 0.015261 0.019420
2.361991 0.026732 0.020236 0.017467
2.427602 0.026732 0.020236 0.017467
2.493213 0.062950 0.053668 0.032901
2.558824 0.062950 0.053668 0.032901
2.624434 0.010654 0.010088 0.003428
2.690045 0.010654 0.010088 0.003428
2.755656 0.031890 0.009748 0.030363
2.821267 0.031890 0.009748 0.030363
2.886878 0.038110 0.035148 0.014731
2.952489 0.038110 0.035148 0.014731
3.018100 0.022833 0.017223 0.014991
3.083710 0.022833 0.017223 0.014991
3.149321 0.036417 0.027321 0.024078
3.214932 0.036417 0.027321 0.024078
3.280543 0.031909 0.027735 0.015779
3.346154 0.031909 0.027735 0.015779
3.411765 0.029829 0.022554 0.019522
3.477376 0.029829 0.022554 0.019522
3.542986 0.049326 0.040739 0.027810
3.608597 0.049326 0.040739 0.027810
3.674208 0.003910 0.003829 0.000790
3.739819 0.003910 0.003829 0.000790
3.805430 0.007890 0.002072 0.007613
3.871041 0.007890 0.002072 0.007613
3.936651 0.046446 0.037195 0.027816
4.002263 0.046446 0.037195 0.027816
4.067873 0.019911 0.001414 0.019861
4.133484 0.019911 0.001414 0.019861
4.199095 0.042170 0.022558 0.035628
4.264706 0.042170 0.022558 0.035628
4.330317 0.033209 0.020677 0.025987
4.395927 0.033209 0.020677 0.025987
4.461538 0.058339 0.030505 0.049729
4.527149 0.058339 0.030505 0.049729
4.592760 0.101224 0.024927 0.098106
4.658371 0.101224 0.024927 0.098106
4.723982 1.601742 0.426979 1.543783
4.789593 1.601742 0.426979 1.543783
4.855204 0.084864 0.007583 0.084525
4.920815 0.084864 0.007583 0.084525
4.986425 0.079525 0.032689 0.072495
5.052036 0.079525 0.032689 0.072495
5.117647 0.066575 0.032383 0.058168
5.183258 0.066575 0.032383 0.058168
5.248869 0.029265 0.027761 0.009263
5.314480 0.029265 0.027761 0.009263
5.380091 0.043344 0.002974 0.043242
5.445701 0.043344 0.002974 0.043242
5.511312 0.030620 0.024362 0.018550
5.576923 0.030620 0.024362 0.018550
5.642534 0.031877 0.025538 0.019078
5.708145 0.031877 0.025538 0.019078
5.773756 0.016251 0.011475 0.011507
5.839366 0.016251 0.011475 0.011507
5.904977 0.026194 0.009066 0.024575
5.970588 0.026194 0.009066 0.024575
6.036199 0.015664 0.005949 0.014490
6.101810 0.015664 0.005949 0.014490
6.167421 0.024836 0.008910 0.023183
6.233032 0.024836 0.008910 0.023183
6.298643 0.015594 0.015397 0.002474
6.364254 0.015594 0.015397 0.002474
6.429864 0.010850 0.003610 0.010232
6.495475 0.010850 0.003610 0.010232
6.561086 0.014384 0.006113 0.013020
6.626697 0.014384 0.006113 0.013020
6.692307 0.029839 0.003233 0.029663
6.757918 0.029839 0.003233 0.029663
6.823529 0.026073 0.026012 0.001782
6.889140 0.026073 0.026012 0.001782
6.954751 0.019119 0.008933 0.016903
7.020362 0.019119 0.008933 0.016903
7.085973 0.016007 0.015993 0.000669
7.151584 0.016007 0.015993 0.000669
7.217195 0.024139 0.024138 0.000201
7.282805 0.024139 0.024138 0.000201
7.348416 0.002313 0.001903 0.001315
7.414027 0.002313 0.001903 0.001315
7.479638 0.032981 0.032977 0.000494
7.545249 0.032981 0.032977 0.000494
7.610860 0.032529 0.013731 0.029489
7.676471 0.032529 0.013731 0.029489
7.742082 0.049757 0.044889 0.021465
7.807693 0.049757 0.044889 0.021465
7.873303 0.018418 0.017139 0.006744
7.938914 0.018418 0.017139 0.006744
8.004525 0.023565 0.023377 0.002975
8.070136 0.023565 0.023377 0.002975
8.135747 0.020487 0.012073 0.016552
8.201358 0.020487 0.012073 0.016552
8.266969 0.026499 0.004256 0.026155
8.332580 0.026499 0.004256 0.026155
8.398190 0.012544 0.010123 0.007409
8.463800 0.012544 0.010123 0.007409
8.529411 0.022875 0.019272 0.012323
8.595022 0.022875 0.019272 0.012323
8.660633 0.008785 0.006372 0.006047
8.726244 0.008785 0.006372 0.006047
8.791855 0.027936 0.018929 0.020545
8.857466 0.027936 0.018929 0.020545
8.923077 0.012996 0.006432 0.011293
8.988688 0.012996 0.006432 0.011293
9.054298 0.002675 0.002024 0.001750
9.119909 0.002675 0.002024 0.001750
9.185520 0.019236 0.003308 0.018950
9.251131 0.019236 0.003308 0.018950
9.316742 0.015231 0.009637 0.011795
9.382353 0.015231 0.009637 0.011795
9.447964 0.020087 0.001256 0.020048
9.513575 0.020087 0.001256 0.020048
9.579185 0.093196 0.011866 0.092438
9.644796 0.093196 0.011866 0.092438
9.710407 0.044099 0.008988 0.043173
9.776018 0.044099 0.008988 0.043173
9.841629 0.007803 0.001029 0.007735
9.907240 0.007803 0.001029 0.007735
9.972851 0.008738 0.007097 0.005097
10.038462 0.008738 0.007097 0.005097
10.104073 0.028103 0.027871 0.003609
10.169683 0.028103 0.027871 0.003609
10.235294 0.019793 0.018799 0.006193
10.300905 0.019793 0.018799 0.006193
10.366516 0.022478 0.020863 0.008366
10.432127 0.022478 0.020863 0.008366
10.497738 0.011756 0.000198 0.011755
10.563349 0.011756 0.000198 0.011755
10.628960 0.022222 0.021597 0.005236
10.694571 0.022222 0.021597 0.005236
10.760181 0.014353 0.010599 0.009679
10.825792 0.014353 0.010599 0.009679
10.891402 0.017862 0.017815 0.001290
10.957013 0.017862 0.017815 0.001290
11.022624 0.041205 0.041156 0.002003
11.088235 0.041205 0.041156 0.002003
11.153846 0.030032 0.029417 0.006048
11.219457 0.030032 0.029417 0.006048
11.285068 0.016907 0.009970 0.013655
11.350678 0.016907 0.009970 0.013655
11.416289 0.023397 0.008405 0.021835
11.481900 0.023397 0.008405 0.021835
11.547511 0.012840 0.006701 0.010953
11.613122 0.012840 0.006701 0.010953
11.678733 0.012607 0.002052 0.012439
11.744344 0.012607 0.002052 0.012439
11.809955 0.002366 0.000514 0.002309
11.875566 0.002366 0.000514 0.002309
11.941176 0.016420 0.016420 0.000095
12.006787 0.016420 0.016420 0.000095
12.072398 0.016338 0.002806 0.016096
12.138009 0.016338 0.002806 0.016096
12.203620 0.009491 0.005810 0.007505
12.269231 0.009491 0.005810 0.007505
12.334842 0.009530 0.009441 0.001298
12.400453 0.009530 0.009441 0.001298
12.466063 0.015680 0.010591 0.011562
12.531674 0.015680 0.010591 0.011562
12.597285 0.013455 0.009429 0.009598
12.662896 0.013455 0.009429 0.009598
12.728507 0.006087 0.000370 0.006076
12.794118 0.006087 0.000370 0.006076
12.859729 0.019688 0.008533 0.017743
12.925340 0.019688 0.008533 0.017743
12.990951 0.013537 0.001670 0.013434
13.056561 0.013537 0.001670 0.013434
13.122172 0.018945 0.016536 0.009245
13.187783 0.018945 0.016536 0.009245
13.253394 0.008430 0.004492 0.007133
13.319004 0.008430 0.004492 0.007133
13.384615 0.010390 0.009235 0.004762
13.450226 0.010390 0.009235 0.004762
13.515837 0.019023 0.000689 0.019011
13.581448 0.019023 0.000689 0.019011
13.647058 0.003084 0.002821 0.001248
13.712669 0.003084 0.002821 0.001248
13.778280 0.023498 0.021711 0.008987
13.843891 0.023498 0.021711 0.008987
13.909502 0.016915 0.014284 0.009059
13.975113 0.016915 0.014284 0.009059
14.040724 0.031110 0.025031 0.018475
14.106335 0.031110 0.025031 0.018475
14.171946 0.021825 0.021797 0.001112
14.237556 0.021825 0.021797 0.001112
14.303167 0.055119 0.040071 0.037848
14.368778 0.055119 0.040071 0.037848
14.434389 0.073041 0.059429 0.042464
